(12808.80,[1598010225.297884]) 
(12801.70,[1598107875.0209408])
(12801.70,[1598107925.0464966])
(12801.70,[1598108225.055365])
(12801.70,[1598108526.358691])
(12801.70,[1598108827.5491319])
(12801.70,[1598109128.8597038])
(12801.70,[1598109430.2102203])
(12801.70,[1598112076.5297942])
(12801.70,[1598112379.333764])
(12801.70,[1598112680.7405484])
(12801.70,[1598112982.1940866])
(12801.70,[1598113283.4662979])
(12801.70,[1598113585.3049507])
(12801.70,[1598113949.5748584])
(12801.70,[1598118045.524431])
(12801.70,[1598118346.895861])
(12801.70,[1598134465.3991022])
(12801.70,[1598176337.5779495])
(12801.70,[1598176638.753494])
(12801.70,[1598176940.2821982])
